100 8 10
0       2       2 5
1       4       2 4 6 8
2       2       3 6
3       2       3 6
4       3       1 4 7
5       6       2 3 4 5 6 7
6       6       2 3 4 5 6 7
7       4       2 4 6 8
8       3       1 4 7
9       6       2 3 4 5 6 7
10       2       2 5
11       6       3 4 5 6 7 8
12       7       2 3 4 5 6 7 8
13       3       2 5 8
14       3       2 4 6
15       5       3 4 5 6 7
16       3       3 5 7
17       5       3 4 5 6 7
18       3       3 5 7
19       3       3 5 7
20       3       2 4 6
21       8       1 2 3 4 5 6 7 8
22       6       2 3 4 5 6 7
23       7       2 3 4 5 6 7 8
24       2       3 6
25       4       1 3 5 7
26       7       1 2 3 4 5 6 7
27       6       2 3 4 5 6 7
28       2       3 6
29       6       3 4 5 6 7 8
30       3       3 5 7
31       7       2 3 4 5 6 7 8
32       2       3 6
33       6       2 3 4 5 6 7
34       7       2 3 4 5 6 7 8
35       7       2 3 4 5 6 7 8
36       4       1 3 5 7
37       3       2 5 8
38       8       1 2 3 4 5 6 7 8
39       5       3 4 5 6 7
40       7       2 3 4 5 6 7 8
41       3       3 5 7
42       3       3 5 7
43       4       1 3 5 7
44       4       2 4 6 8
45       4       1 3 5 7
46       4       1 3 5 7
47       3       3 5 7
48       6       2 3 4 5 6 7
49       8       1 2 3 4 5 6 7 8
50       8       1 2 3 4 5 6 7 8
51       2       3 6
52       3       1 4 7
53       2       2 5
54       5       3 4 5 6 7
55       6       2 3 4 5 6 7
56       2       3 6
57       3       1 4 7
58       4       1 3 5 7
59       2       3 6
60       8       1 2 3 4 5 6 7 8
61       3       2 5 8
62       2       3 6
63       3       3 5 7
64       6       3 4 5 6 7 8
65       3       1 4 7
66       2       3 6
67       6       2 3 4 5 6 7
68       2       3 6
69       3       3 5 7
70       8       1 2 3 4 5 6 7 8
71       5       3 4 5 6 7
72       2       2 5
73       4       1 3 5 7
74       4       1 3 5 7
75       3       2 4 6
76       4       1 3 5 7
77       7       1 2 3 4 5 6 7
78       2       3 6
79       5       3 4 5 6 7
80       5       3 4 5 6 7
81       4       1 3 5 7
82       6       3 4 5 6 7 8
83       3       3 5 7
84       6       3 4 5 6 7 8
85       4       1 3 5 7
86       4       1 3 5 7
87       3       2 5 8
88       5       3 4 5 6 7
89       3       2 5 8
90       6       2 3 4 5 6 7
91       6       3 4 5 6 7 8
92       8       1 2 3 4 5 6 7 8
93       5       3 4 5 6 7
94       8       1 2 3 4 5 6 7 8
95       2       3 6
96       3       3 5 7
97       8       1 2 3 4 5 6 7 8
98       4       2 4 6 8
99       6       3 4 5 6 7 8
